Water cartesian coordinates (HF/STO-3G)

8 0.000000 0.000000 0.127160
1 0.000000 0.758081 -0.508642
1 0.000000 -0.758081 -0.508642

Hydrogen peroxyde cartesian coordinates (HF/STO-3G)

8 0.000000 0.698113 -0.050539
8 0.000000 -0.698113 -0.050539
1 0.870648 0.891269 0.404314
1 -0.870648 -0.891269 0.404314

Propenal cartesian coordinates (HF/STO-3G)

8 -1.185723 -1.372699 0.000000
6 -0.122201 -0.774130 0.000000
6 0.000000 0.731002 0.000000
6 1.160929 1.341975 0.000000
1 0.844212 -1.307114 0.000000
1 -0.932833 1.282731 0.000000
1 2.094148 0.792171 0.000000
1 1.247882 2.420718 0.000000

Furan cartesian coordinates (HF/STO-3G)

8 0.000000 0.000000 1.169994
6 0.000000 1.094421 0.336796
6 0.000000 -1.094421 0.336796
6 0.000000 0.722289 -0.950050
6 0.000000 -0.722289 -0.950050
1 0.000000 2.065649 0.813863
1 0.000000 -2.065649 0.813863
1 0.000000 1.365721 -1.814317
1 0.000000 -1.365721 -1.814317